1000
129 142 124
49 106 25
138 148 35
38 76 0
95 1 131
94 23 87
40 79 84
103 124 145
31 64 99
124 70 43
48 117 148
73 81 126
146 13 48
45 35 103
107 149 47
10 23 51
61 63 40
99 20 76
129 82 9
90 78 61
115 111 149
142 58 83
12 47 110
14 57 51
24 66 89
30 80 76
10 115 126
42 27 80
36 9 102
110 27 34
69 13 138
82 74 115
101 16 148
38 85 13
36 62 50
25 64 82
149 45 101
72 25 111
110 73 123
9 110 2
69 127 3
116 122 115
80 47 87
114 100 43
122 20 32
12 124 96
115 59 95
105 63 24
66 13 136
145 125 58
70 141 109
118 129 45
127 58 111
19 43 66
117 8 98
66 102 56
118 85 49
115 118 35
91 89 84
58 24 120
84 138 75
61 130 136
123 66 95
42 31 19
93 113 132
66 28 21
133 115 5
27 107 108
5 76 122
64 102 36
10 54 136
50 112 144
55 54 73
27 36 129
32 81 33
0 21 12
27 63 48
116 138 16
68 60 48
53 138 87
93 108 111
143 80 52
99 44 77
110 34 146
135 18 51
60 58 43
141 88 76
129 145 22
128 92 106
81 116 33
86 18 84
55 97 111
135 145 108
123 119 39
17 26 57
88 41 52
16 141 102
107 29 77
88 45 69
105 106 62
57 129 86
39 129 25
122 92 68
126 97 78
30 68 128
111 112 96
100 121 89
55 78 29
39 126 82
134 73 44
68 93 128
64 43 10
19 59 55
73 69 81
75 39 127
36 71 64
103 46 118
6 59 70
123 2 104
21 138 49
14 49 89
104 12 135
147 125 1
51 49 24
91 29 97
10 82 118
46 148 78
19 14 118
35 53 150
70 112 19
79 2 81
59 55 61
140 34 86
100 113 67
53 128 77
51 44 24
119 139 121
87 49 149
67 134 56
141 41 23
67 131 110
118 28 54
59 4 63
145 56 90
11 4 58
55 107 126
81 129 128
41 56 106
2 47 116
87 113 62
126 142 132
131 78 124
45 48 113
58 21 109
46 101 44
65 70 19
24 54 82
36 52 74
59 35 91
133 20 54
23 109 27
98 114 49
148 33 42
27 46 4
24 55 103
16 122 42
91 29 11
27 128 15
113 147 53
123 103 39
141 7 35
74 47 119
149 93 130
66 147 95
80 147 38
13 46 103
73 80 44
47 90 145
109 29 74
76 8 79
95 28 13
13 92 52
6 86 144
89 47 149
63 55 88
144 74 132
148 53 70
63 57 9
70 10 115
45 13 22
116 105 117
70 19 17
149 4 66
45 138 9
24 13 3
19 116 83
43 35 99
131 2 94
33 120 142
36 78 88
4 149 50
85 7 136
91 2 6
5 57 110
100 13 117
37 126 95
2 61 15
82 48 98
138 12 136
18 85 50
15 96 69
88 146 104
51 126 31
85 10 106
124 61 28
30 146 17
48 11 30
49 53 7
26 21 12
129 38 99
32 76 59
33 76 140
133 19 37
127 27 91
61 102 56
41 4 105
59 130 38
82 81 44
63 32 35
30 113 110
15 124 145
48 80 24
131 56 30
94 62 7
57 34 0
102 44 48
37 105 78
86 107 42
50 115 87
118 23 67
47 10 61
124 89 5
134 114 114
131 29 10
7 4 10
67 128 123
68 18 40
150 29 76
22 130 20
101 84 14
111 17 43
2 130 40
143 84 83
61 47 130
58 58 47
120 146 125
110 14 113
35 109 125
67 102 52
29 25 20
2 14 103
134 36 7
149 92 66
26 1 121
48 150 101
90 49 25
105 126 125
129 77 47
103 126 125
140 97 68
96 35 138
26 4 71
126 38 124
37 131 1
39 117 90
56 97 78
11 124 127
83 19 52
63 82 147
119 34 26
122 43 40
78 144 15
48 146 89
90 88 36
33 33 130
81 85 131
90 93 82
12 33 39
0 108 127
133 134 56
126 98 138
77 111 88
29 96 49
131 96 123
136 97 68
60 125 39
64 74 130
55 110 37
126 71 31
43 150 65
8 44 96
104 61 23
133 69 126
74 61 78
87 111 108
126 140 38
32 15 92
80 130 92
39 104 17
119 104 89
122 41 5
77 17 2
73 10 39
18 84 131
65 103 134
65 43 1
28 10 145
43 73 48
100 14 60
59 72 52
107 27 136
13 106 58
139 95 22
2 10 43
2 38 68
120 28 114
14 97 107
43 84 11
10 121 51
117 103 67
90 10 68
99 49 149
96 20 2
96 150 69
110 86 20
78 31 44
47 146 49
83 94 38
1 136 50
19 148 70
13 83 60
147 19 36
105 30 62
104 26 61
59 66 29
44 92 91
22 65 42
125 121 23
82 79 13
122 134 79
80 138 87
59 48 129
5 36 69
51 136 111
132 7 135
112 132 28
11 75 106
112 27 110
24 77 125
99 98 16
20 68 123
2 123 11
25 48 64
64 53 9
41 110 121
134 32 132
140 130 25
21 69 30
44 119 10
142 36 95
22 61 47
8 63 53
65 33 20
54 70 37
67 132 128
69 32 115
143 22 101
144 143 116
56 77 125
38 18 37
44 143 99
96 46 0
145 97 110
89 116 0
138 21 147
68 51 89
115 87 16
57 64 126
105 108 36
33 111 73
18 125 0
69 33 147
52 144 109
67 64 77
44 65 111
127 78 70
0 15 25
32 110 140
57 132 88
37 95 68
39 95 45
91 136 148
48 21 63
96 55 25
24 118 120
133 6 27
63 116 100
10 82 37
10 76 122
9 126 79
111 17 135
92 85 46
35 69 18
55 139 18
19 101 41
69 24 51
84 46 97
57 37 64
10 149 6
43 138 50
72 120 63
53 29 132
96 59 83
109 78 104
83 55 32
132 11 144
102 0 144
71 90 101
41 66 40
32 125 111
111 66 12
78 102 113
149 84 95
83 72 76
22 62 131
149 98 129
135 33 84
15 148 90
44 124 11
10 31 6
149 38 73
24 102 139
15 133 147
84 41 133
19 127 19
106 131 54
9 148 52
64 17 28
114 126 96
129 82 0
142 143 90
81 56 84
115 122 131
12 115 142
125 51 5
85 114 87
124 35 70
137 46 134
146 74 116
18 11 103
29 147 128
48 22 80
37 135 65
123 60 142
47 139 140
1 35 126
95 63 36
5 11 47
82 28 130
135 121 120
48 101 113
67 37 64
17 92 133
128 39 143
29 120 44
67 60 14
55 20 37
3 30 145
125 114 6
149 33 50
66 77 148
98 120 141
136 97 150
66 19 110
149 49 58
74 94 100
6 42 147
5 49 8
112 149 71
89 63 105
68 123 95
12 34 88
70 73 119
4 137 85
134 131 123
32 148 88
90 25 123
140 76 40
99 114 139
80 75 108
75 84 144
126 50 143
42 128 5
75 112 65
147 14 32
11 40 84
56 41 2
148 118 28
89 14 115
140 44 85
42 25 15
1 18 92
95 37 89
131 76 27
146 24 0
20 134 142
120 78 147
6 18 87
131 107 110
17 108 84
116 61 134
144 70 111
73 92 69
150 118 31
59 41 61
45 108 139
134 43 63
58 102 61
3 44 88
25 89 82
18 109 102
2 146 34
51 132 87
82 38 91
149 35 0
142 11 42
106 99 134
101 40 117
40 99 131
87 19 27
84 0 144
144 31 73
26 99 126
143 112 33
13 4 130
144 37 5
112 59 72
116 82 30
9 77 77
72 150 55
25 18 67
136 28 52
66 60 139
5 128 121
71 37 104
86 74 72
79 31 17
85 19 31
121 72 39
20 83 59
142 37 134
69 26 105
29 140 32
119 138 53
75 59 34
67 10 51
32 90 83
37 124 122
33 107 150
69 56 120
94 75 91
95 115 61
66 55 51
28 10 14
65 39 27
8 82 67
97 4 2
7 51 51
25 56 102
91 122 108
147 81 127
72 80 123
78 71 132
43 117 37
57 88 55
80 21 121
69 70 63
40 85 26
99 68 64
30 63 25
142 120 120
146 66 23
116 95 133
66 50 22
115 144 126
79 60 129
40 64 123
113 110 57
129 13 132
70 0 111
6 93 29
60 68 100
84 1 46
147 56 128
41 117 88
117 98 41
43 95 101
9 51 133
15 65 51
112 89 62
6 34 80
87 93 70
146 97 92
121 117 54
51 118 37
78 21 85
87 127 14
58 76 135
0 129 15
8 7 89
131 139 143
80 105 13
129 128 121
143 122 84
63 100 66
35 98 15
131 5 21
25 92 128
88 148 65
62 79 2
6 28 48
115 101 95
38 99 11
63 147 2
120 110 134
67 24 57
93 62 11
52 113 80
123 110 78
142 94 84
150 114 129
99 142 15
20 30 46
140 104 37
57 103 109
144 17 6
49 125 115
81 39 26
100 95 33
146 148 50
49 21 95
123 128 103
7 126 95
140 33 13
81 76 124
103 72 54
104 74 40
54 11 2
16 43 83
130 144 64
70 56 16
137 72 5
90 60 36
65 58 22
140 125 12
127 32 104
30 10 105
79 45 51
63 143 67
139 128 31
131 89 78
78 33 42
59 18 68
74 77 80
33 120 25
126 14 59
44 23 95
56 115 53
127 64 102
50 50 83
4 120 112
67 142 135
46 71 7
59 38 57
5 18 32
125 21 59
38 63 40
92 63 101
104 136 39
55 73 122
130 91 81
2 81 0
42 140 117
113 42 138
113 80 18
125 17 89
85 134 57
13 133 84
135 50 120
107 84 104
40 145 135
24 104 119
76 1 73
60 96 131
104 68 130
94 68 31
67 5 105
118 83 145
29 57 20
102 65 74
136 51 6
61 113 123
24 53 43
96 56 127
25 111 57
62 106 35
33 85 127
42 82 103
5 140 141
10 138 1
83 62 133
98 134 92
111 75 30
27 48 2
67 72 40
113 99 105
6 142 58
22 101 145
52 135 57
115 117 26
140 87 54
140 107 52
134 94 84
124 86 142
5 57 76
61 6 102
75 19 24
58 121 27
58 91 97
81 100 78
104 121 127
144 73 125
141 56 59
54 129 142
67 141 25
95 21 121
86 125 10
7 51 42
109 44 35
114 65 11
4 149 18
142 121 40
89 14 42
75 89 139
140 130 84
29 101 70
6 2 52
66 104 38
148 109 4
50 105 16
21 78 96
100 74 107
54 20 0
66 6 126
65 99 42
149 42 65
12 36 49
144 9 134
24 44 76
43 122 67
95 144 149
5 56 75
62 19 42
107 122 78
103 78 144
129 114 150
97 85 30
73 3 36
1 143 93
149 49 144
37 10 69
54 37 53
109 26 50
63 62 21
73 73 51
89 130 59
127 39 37
103 42 135
3 42 81
48 70 30
30 93 144
72 85 81
24 47 5
121 80 44
79 75 3
71 96 4
128 138 98
119 135 126
130 25 140
67 142 144
114 3 139
97 28 140
19 101 133
49 150 32
124 98 35
92 145 48
137 26 18
76 54 96
117 17 44
8 128 143
27 57 142
142 143 49
40 71 50
7 9 75
97 91 69
134 50 42
126 72 30
112 135 3
141 74 77
125 22 81
52 136 32
70 86 91
44 106 24
142 150 20
15 0 119
95 20 131
89 137 28
17 65 87
79 41 118
39 135 2
4 144 128
47 74 65
142 138 7
10 39 96
40 16 54
65 54 111
46 31 138
141 131 100
61 111 4
14 25 130
82 138 124
11 74 75
68 93 150
124 121 88
89 62 66
20 133 25
111 36 93
30 47 25
2 0 139
132 130 138
6 148 78
13 56 59
75 114 11
4 26 87
22 93 92
75 7 88
149 58 46
137 130 36
69 103 121
6 135 24
44 58 75
127 13 79
100 38 28
30 11 50
40 141 9
92 124 111
30 43 83
135 102 14
36 130 62
100 113 112
132 78 94
35 58 54
94 3 9
68 96 55
5 88 50
67 88 103
30 115 46
94 56 10
65 141 49
111 3 66
61 45 114
131 80 83
87 70 5
105 85 30
69 12 123
126 63 83
64 63 109
103 130 19
44 41 12
115 66 77
99 148 18
56 54 73
142 72 114
54 99 78
6 45 70
42 18 127
113 131 132
127 121 13
15 96 63
14 141 120
150 116 140
65 97 70
7 97 69
0 20 52
104 88 111
63 13 90
25 82 122
14 58 78
59 34 54
75 142 97
48 132 113
111 16 63
83 120 46
81 8 67
85 48 0
15 6 115
11 99 150
65 75 145
67 57 37
150 124 58
89 130 93
83 30 34
148 79 81
149 94 79
93 150 40
120 86 139
9 14 10
2 94 114
61 125 122
95 45 97
54 9 67
24 32 49
86 97 19
137 60 33
20 61 24
113 146 64
149 139 81
75 128 144
69 43 149
116 7 48
86 57 64
29 64 26
103 8 125
47 12 107
6 66 41
100 74 42
26 77 34
91 27 92
8 39 16
139 85 44
11 99 125
114 61 77
45 108 141
122 6 74
91 100 54
17 130 78
27 52 54
104 74 144
62 97 56
8 69 20
99 41 4
119 12 15
149 30 21
90 17 74
4 4 19
106 90 38
132 115 129
90 108 145
58 68 118
93 90 80
86 18 98
85 113 2
9 138 52
113 71 95
32 32 104
45 133 47
39 91 82
7 45 118
99 3 86
129 120 134
119 34 105
20 36 68
145 73 122
105 39 87
54 104 21
64 99 65
68 92 0
95 63 35
44 22 13
67 79 20
144 21 121
69 125 14
130 97 90
55 20 27
88 45 129
128 100 72
145 125 37
99 5 52
116 66 49
102 96 92
