50 50 300
82 151 34 407 88 100 254 396 7 152 359 111 339 171 88 179 112 151 42 150 151 93 109 177 199 127 181 73 149 408 138 192 164 360 184 130 90 169 32 137 136 18 93 221 54 271 184 100 133 96
82 151 34 411 88 100 258 403 7 153 361 112 345 171 89 181 112 152 42 151 152 94 110 180 199 127 182 73 151 409 140 194 165 362 184 130 90 170 32 139 138 18 94 221 54 271 184 101 134 96
82 151 34 413 89 101 262 404 7 155 364 113 346 173 89 183 113 154 42 153 153 95 110 182 200 127 184 73 153 411 141 197 165 364 187 131 90 171 32 140 139 18 94 222 54 275 187 102 135 96
82 153 34 413 90 101 262 407 7 157 365 114 351 174 89 186 113 154 42 153 155 95 110 183 203 128 185 73 154 411 142 200 166 367 188 131 91 173 32 141 141 18 94 225 54 280 187 102 137 97
82 154 34 421 91 101 267 408 7 159 368 115 358 174 89 187 114 155 42 154 156 95 111 184 203 129 186 73 154 411 143 203 166 374 188 131 92 175 32 143 142 18 95 228 54 280 189 103 139 98
82 156 34 428 92 102 270 413 7 159 371 115 359 176 54 187 115 156 42 154 157 96 112 186 204 130 189 73 155 412 144 203 168 377 188 132 92 176 32 143 142 18 96 232 54 284 192 103 141 98
82 158 34 435 92 102 273 418 7 160 372 115 362 176 54 188 116 156 42 154 158 97 113 189 204 131 190 73 156 416 146 206 169 384 190 134 93 177 32 145 143 18 96 234 54 287 193 103 141 98
82 159 34 439 93 103 277 420 7 161 374 115 369 178 54 188 117 156 42 154 159 97 113 189 205 132 193 73 158 423 146 207 153 389 191 2 94 179 32 145 145 18 96 234 54 289 193 103 141 99
82 161 34 442 93 103 282 421 7 161 375 115 371 179 54 188 117 156 42 154 161 98 113 191 208 132 194 73 159 427 146 210 155 394 191 2 95 179 32 147 147 18 97 234 54 289 194 103 142 99
82 162 34 444 94 104 283 425 7 161 380 116 371 182 54 191 118 158 42 155 161 99 113 191 210 132 194 73 161 430 148 212 155 398 194 2 96 182 32 149 149 18 97 238 54 291 197 104 144 100
82 162 34 446 94 105 285 426 7 161 384 117 377 185 54 191 119 159 42 156 161 100 113 192 210 133 194 73 162 434 150 213 155 401 196 2 97 184 32 149 149 18 98 239 54 293 197 105 146 101
82 162 34 451 94 106 288 432 7 162 384 117 384 187 54 193 119 160 42 157 163 100 114 194 210 134 195 73 163 437 150 216 155 409 197 2 97 185 32 149 150 18 98 243 54 296 199 105 148 101
82 163 34 456 94 107 288 432 7 162 384 117 384 189 54 196 119 162 42 159 164 100 115 195 212 134 195 73 164 444 152 219 157 415 197 2 97 185 32 151 150 18 98 243 54 297 202 106 150 102
82 163 34 462 95 107 291 432 7 164 385 118 390 192 54 197 120 164 42 161 165 100 116 197 213 135 195 73 166 447 153 223 159 417 200 2 97 187 32 153 152 18 99 245 54 299 203 106 150 102
82 165 34 466 95 108 292 432 7 166 390 119 392 195 54 197 120 165 42 162 165 39 116 198 214 135 197 73 168 449 153 226 159 418 201 2 97 65 32 155 152 18 99 245 54 300 205 106 152 103
82 165 34 466 95 109 297 439 7 167 394 120 394 197 54 197 121 166 42 164 167 39 116 198 215 136 199 73 170 458 153 230 160 425 204 2 97 65 32 155 154 18 100 249 54 304 208 107 154 104
82 165 21 469 96 110 33 446 7 168 401 121 396 198 54 197 121 168 42 165 168 39 117 200 215 137 202 73 170 467 153 231 160 433 206 2 97 65 32 156 156 18 101 250 54 307 211 107 155 104
82 167 21 472 96 110 33 451 7 169 408 122 402 200 54 200 121 168 42 167 170 39 118 200 217 139 203 73 171 467 155 234 160 438 206 2 98 65 32 158 157 18 101 250 54 307 214 108 155 105
82 169 21 480 97 110 33 454 7 170 413 123 406 201 54 201 121 169 42 169 171 39 119 200 218 140 203 73 172 471 156 235 162 443 209 2 98 65 32 159 159 18 101 254 54 312 217 108 157 106
82 171 21 490 98 111 33 461 7 170 415 124 410 202 54 203 122 169 42 170 172 39 120 203 44 140 203 73 172 480 156 235 163 452 212 2 98 65 32 160 161 18 102 257 54 316 220 108 159 106
82 173 21 497 99 112 33 466 7 171 415 124 411 204 54 206 123 170 42 171 172 39 121 206 44 142 206 73 173 482 157 235 164 455 214 2 99 65 32 161 161 18 103 259 54 316 224 108 160 106
82 174 21 499 99 113 33 473 7 173 415 125 413 205 54 207 123 172 42 171 173 39 121 207 44 144 209 73 173 483 157 238 165 460 214 2 100 65 32 161 161 18 103 260 54 320 226 109 160 106
82 177 21 500 99 113 33 474 7 175 422 126 416 206 54 209 124 172 42 173 175 39 122 209 44 146 210 73 174 487 157 242 167 462 214 2 100 65 32 163 161 18 103 260 54 325 230 110 161 107
82 178 21 500 100 113 33 475 7 177 427 127 421 207 54 210 125 174 42 173 176 39 122 210 44 148 211 73 177 488 158 243 167 462 215 2 100 65 32 163 161 18 104 261 54 327 230 111 162 107
82 179 21 500 101 113 33 483 7 177 432 128 429 209 54 211 125 174 42 173 177 39 123 210 44 148 213 73 179 497 159 243 169 468 216 2 101 65 32 164 163 18 104 262 54 332 231 112 163 108
82 182 21 500 101 113 32 488 7 178 439 128 430 211 54 212 125 176 42 175 178 39 124 213 44 148 213 73 179 500 159 246 171 475 216 2 101 65 32 165 164 18 104 263 54 336 231 112 163 108
82 184 21 500 101 113 32 490 7 179 448 128 432 212 54 215 125 178 42 177 179 39 125 215 44 148 214 73 181 500 160 247 172 483 216 2 102 65 32 165 165 18 104 268 54 340 233 112 164 108
82 187 21 500 102 113 32 493 7 179 450 129 434 215 54 217 125 178 42 180 180 39 126 216 44 148 214 73 183 500 160 251 173 491 216 2 102 65 6 166 166 18 104 270 54 341 233 113 164 109
82 188 21 500 103 113 32 496 7 179 455 130 435 217 54 217 125 178 42 183 183 39 126 219 44 149 215 73 184 500 162 252 174 494 217 2 102 30 6 168 168 18 104 275 54 341 234 113 164 109
82 188 21 500 104 114 32 500 7 181 463 131 441 219 54 217 126 178 42 184 186 39 127 222 44 149 216 73 185 500 163 254 177 500 217 2 103 30 6 168 170 18 105 277 54 343 235 113 165 109
82 188 21 500 105 114 32 500 7 181 471 132 447 221 54 217 127 180 42 185 189 39 128 226 44 151 216 73 186 500 164 254 179 500 218 2 103 30 6 170 172 18 105 279 54 345 235 114 166 110
82 191 21 500 105 114 32 500 7 181 474 133 455 221 54 220 128 182 42 187 192 39 128 226 44 152 216 73 188 500 165 257 180 500 221 2 104 30 6 171 173 18 106 150 54 346 237 115 167 111
82 192 21 500 106 114 32 500 7 182 474 135 463 223 54 224 128 185 42 190 195 39 128 230 44 154 219 73 191 500 165 259 181 500 225 2 105 30 6 172 174 18 107 152 54 352 238 116 167 112
82 195 21 500 107 114 32 500 7 184 483 136 467 227 54 226 128 187 42 190 197 39 129 232 44 155 222 73 191 500 166 261 181 500 226 2 106 30 6 174 177 18 107 154 54 353 239 116 169 112
82 197 21 500 107 115 32 500 7 187 488 138 472 230 54 230 129 187 42 193 200 39 130 232 44 157 225 73 191 500 167 261 182 500 227 2 106 30 6 176 180 18 108 155 54 354 239 117 171 112
82 198 21 500 107 116 32 500 7 187 493 138 480 231 54 234 129 188 42 194 202 39 131 233 44 157 228 73 194 500 167 263 185 500 229 2 107 30 6 177 183 18 109 156 54 358 243 118 172 112
82 200 21 500 1 116 32 500 7 190 498 140 490 233 54 234 130 188 42 197 204 39 133 233 44 157 228 73 194 500 167 263 185 500 231 2 107 30 6 180 185 18 110 158 54 360 246 118 174 112
82 201 21 500 1 117 32 500 7 192 500 140 491 235 54 235 131 189 42 197 204 39 135 237 44 157 228 73 197 500 167 268 186 500 233 2 107 30 6 181 188 18 111 159 54 361 248 118 176 112
82 153 21 500 1 118 32 500 7 193 500 142 500 237 54 239 132 190 42 198 207 39 136 238 44 159 232 73 199 500 167 268 186 500 233 2 108 30 6 183 191 18 111 161 54 368 250 118 176 113
82 153 21 500 1 118 32 500 7 194 500 143 500 240 54 243 133 191 42 200 208 39 138 240 44 161 232 73 202 500 169 270 187 500 237 2 108 30 6 184 191 18 112 161 54 368 253 118 177 113
82 154 21 500 1 119 32 500 7 194 500 145 500 241 54 243 133 192 42 202 208 39 139 244 29 161 235 73 204 500 169 275 190 500 241 2 109 30 6 184 193 18 113 163 54 368 253 119 177 113
82 154 21 500 1 119 32 500 7 197 500 146 500 243 54 245 134 194 42 204 210 39 140 246 29 162 239 73 207 500 170 276 190 500 244 2 110 30 6 185 194 18 114 163 54 370 257 120 177 114
82 156 21 500 1 119 32 500 7 198 500 146 500 243 54 249 134 196 42 206 212 39 140 247 29 164 240 73 209 500 171 278 192 500 245 2 110 30 6 186 196 18 114 164 54 371 258 121 178 115
82 158 21 500 1 120 32 500 7 200 500 148 500 244 54 252 136 199 42 207 213 39 141 247 29 166 242 73 210 500 171 278 194 500 248 2 111 30 6 188 197 18 115 165 54 377 259 121 181 116
82 158 21 500 1 120 32 500 7 201 500 148 500 246 54 253 137 202 42 210 216 39 142 250 29 168 244 73 212 500 173 282 194 500 248 2 111 30 6 189 199 18 115 167 54 380 263 121 184 117
82 159 21 500 1 121 32 500 7 203 500 149 500 246 54 254 137 204 42 210 217 39 144 250 29 170 245 73 213 500 174 287 194 500 252 2 112 30 6 192 201 18 115 168 54 386 266 122 187 118
82 159 21 500 1 122 32 500 7 205 356 150 500 248 54 257 139 204 42 212 220 39 146 252 29 172 246 73 213 500 176 291 195 500 256 2 112 30 6 195 202 18 116 169 54 386 266 123 190 119
82 159 21 500 1 123 32 500 7 208 362 150 500 251 54 259 139 205 42 213 224 39 146 256 29 172 248 73 214 500 178 294 196 500 259 2 112 30 6 196 203 18 116 171 54 393 266 123 191 120
82 161 21 500 1 124 32 500 7 210 362 150 500 251 54 260 140 207 42 214 225 39 20 259 29 174 249 73 214 500 180 294 197 500 262 2 113 30 6 198 204 18 116 171 54 400 271 123 194 120
82 163 21 500 1 124 32 500 7 213 369 151 500 254 54 263 142 209 42 215 228 39 20 261 29 177 249 73 216 500 183 297 197 500 265 2 114 30 6 198 207 18 116 171 54 405 272 123 197 120